4294967294,0
4294967278,65
4294967278,56
4294967278,55
4294967278,49
4294967279,66
4294967279,64
4294967279,58
4294967279,57
4294967279,56
4294967279,50
4294967279,49
4294967279,48
4294967279,42
4294967279,41
4294967279,4
4294967278,210
4294967294,1287
4294967279,547
20,4
4294967294,42
4294967294,99
4294967294,76
4294967294,43
4294967294,422
4294967294,51
4294967293,131
4294967293,130
4294967293,129
4294967293,128
4294967293,127
4294967293,126
4294967293,125
4294967293,124
4294967293,123
4294967293,122
4294967293,121
4294967293,120
4294967293,119
4294967293,118
4294967293,117
4294967293,116
4294967293,115
4294967293,114
4294967293,113
4294967293,112
4294967293,111
4294967293,110
4294967293,109
4294967293,108
4294967293,107
4294967293,106
4294967293,105
4294967293,104
4294967293,103
4294967293,102
4294967293,101
4294967293,100
4294967293,99
4294967293,98
4294967293,97
4294967293,96
4294967293,95
4294967293,94
4294967293,93
4294967293,92
4294967293,91
4294967293,90
4294967293,89
4294967293,87
4294967293,86
4294967293,85
4294967293,84
4294967293,83
4294967293,82
4294967293,81
4294967293,80
4294967293,79
4294967293,78
4294967293,77
4294967293,76
4294967293,75
4294967293,74
4294967293,73
4294967293,72
4294967293,71
4294967293,70
4294967293,69
4294967293,68
4294967293,67
4294967293,66
4294967293,65
4294967293,64
4294967293,63
4294967293,62
4294967293,61
4294967293,60
4294967293,59
4294967293,58
4294967293,57
4294967293,56
4294967293,55
4294967293,54
4294967293,53
4294967293,52
4294967293,51
4294967293,50
4294967293,49
4294967293,48
4294967293,47
4294967293,46
4294967293,45
4294967293,44
4294967293,43
4294967293,42
4294967293,41
4294967293,40
4294967293,39
4294967293,38
4294967293,37
4294967293,36
4294967293,35
4294967293,34
4294967293,33
4294967293,32
4294967293,31
4294967293,30
4294967293,29
4294967293,28
4294967293,27
4294967293,26
4294967293,25
4294967293,24
4294967293,23
4294967293,22
4294967293,21
4294967293,20
4294967293,19
4294967293,18
4294967293,17
4294967293,16
4294967293,15
4294967293,14
4294967293,13
4294967293,12
4294967293,11
4294967293,10
4294967293,9
4294967293,8
4294967293,7
4294967293,6
4294967293,5
4294967293,4
4294967293,3
4294967278,401
4294967278,128
4294967278,127
4294967278,256
4294967278,126
4294967278,125
4294967278,124
4294967278,250
4294967278,123
4294967278,122
4294967278,121
4294967278,244
4294967278,120
4294967278,119
4294967278,118
4294967278,116
4294967278,115
4294967278,114
4294967278,113
4294967278,112
4294967278,225
4294967278,110
4294967278,109
4294967278,108
4294967278,174
4294967278,107
4294967278,106
4294967278,323
4294967278,102
4294967278,101
4294967278,100
4294967278,99
4294967278,409
4294967278,399
4294967278,352
4294967278,96
4294967278,95
4294967278,94
4294967278,93
4294967278,408
4294967278,90
4294967278,89
4294967278,87
4294967278,86
4294967278,85
4294967278,348
4294967278,83
4294967278,316
4294967278,82
4294967278,315
4294967278,81
4294967278,314
4294967278,80
4294967278,79
4294967278,78
4294967278,312
4294967278,77
4294967278,76
4294967278,75
4294967278,73
4294967278,346
4294967278,72
4294967278,71
4294967278,70
4294967278,69
4294967278,310
4294967278,68
4294967278,309
4294967278,67
4294967278,308
4294967278,66
4294967278,64
4294967278,63
4294967278,306
4294967278,62
4294967278,305
4294967278,61
4294967278,60
4294967278,58
4294967278,57
4294967278,53
4294967278,52
4294967278,51
4294967278,50
4294967278,407
4294967278,48
4294967278,338
4294967278,47
4294967278,296
4294967278,42
4294967278,41
4294967278,336
4294967278,36
4294967278,406
4294967278,347
4294967278,405
4294967278,404
4294967278,403
4294967278,402
4294967278,0
4294967278,260
4294967279,338
4294967279,174
4294967279,114
4294967279,103
4294967279,102
4294967279,101
4294967279,100
4294967279,98
4294967279,97
4294967279,95
4294967279,92
4294967279,91
4294967279,337
4294967279,90
4294967279,342
4294967279,70
4294967279,68
4294967279,67
4294967279,334
4294967279,65
4294967279,63
4294967279,326
4294967279,62
4294967279,325
4294967279,61
4294967279,324
4294967279,305
4294967279,55
4294967279,53
4294967279,52
4294967279,51
4294967279,341
4294967279,47
4294967279,46
4294967279,45
4294967279,301
4294967279,44
4294967279,43
4294967279,321
4294967279,298
4294967279,40
4294967279,39
4294967279,38
4294967279,37
4294967279,536
4294967279,36
4294967279,35
4294967279,34
4294967279,33
4294967279,32
4294967279,31
4294967279,294
4294967279,30
4294967279,29
4294967279,28
4294967279,27
4294967279,26
4294967279,534
4294967279,25
4294967279,24
4294967279,340
4294967279,539
4294967279,320
4294967279,23
4294967279,88
4294967279,20
4294967279,339
4294967279,15
4294967279,14
4294967279,9
4294967279,0
4294967279,260
4294967279,8
4294967279,281
4294967279,6
4294967279,280
4294967279,5
0,5
4294967294,15
4294967294,52
4294967294,7
4294967294,6
4294967294,5
4294967294,22
4294967294,17
4294967294,67
4294967294,41
4294967294,81
4294967294,127
4294967294,18
4294967294,68
4294967294,11
4294967294,1181
4294967294,1704
4294967294,1332
4294967294,1320
4294967294,1688
4294967294,1687
4294967294,1703
4294967294,1690
4294967294,473
4294967294,471
4294967294,1185
4294967294,8
4294967294,153
4294967294,416
4294967294,1083
4294967294,185
4294967294,411
4294967294,1427
4294967294,165
4294967294,184
4294967294,465
4294967294,158
4294967294,1440
4294967294,157
4294967294,409
4294967294,459
4294967294,1425
1,3
1,0
4294967279,573
4294967279,330
4294967278,313
4294967279,336
4294967279,327
4294967278,345
4294967279,310
4294967279,540
4294967279,323
4294967279,322
4294967278,393
4294967278,392
4294967278,391
4294967279,134
4294967279,575
4294967278,390
4294967279,284
4294967278,395
4294967279,333
4294967278,327
4294967278,254
4294967278,252
4294967278,388
4294967278,246
4294967278,242
4294967278,394
4294967278,237
4294967278,235
4294967278,233
4294967278,231
4294967278,229
4294967278,223
4294967278,221
4294967278,219
4294967279,332
4294967278,326
4294967279,331
4294967278,387
4294967278,386
4294967278,322
4294967278,354
4294967278,351
4294967278,385
4294967278,321
4294967278,318
4294967278,384
4294967278,317
4294967278,349
4294967279,329
4294967278,248
4294967279,572
4294967279,571
4294967279,328
4294967279,570
4294967294,699
4294967294,129
4294967294,1003
4294967294,1002
4294967294,1001
4294967294,999
4294967294,997
4294967294,995
4294967294,994
4294967294,992
4294967294,991
4294967294,990
4294967294,989
4294967294,988
4294967294,986
4294967294,985
4294967294,984
4294967294,983
4294967294,982
4294967294,981
4294967294,980
4294967294,977
4294967294,976
4294967294,975
4294967294,973
4294967294,971
4294967294,970
4294967294,968
4294967294,967
4294967294,965
4294967294,963
4294967294,959
4294967294,956
4294967294,954
4294967294,670
4294967294,946
4294967294,945
4294967294,944
4294967294,941
4294967294,940
4294967294,936
4294967294,933
4294967294,931
4294967294,929
4294967294,927
4294967294,926
4294967294,924
4294967294,923
4294967294,921
4294967294,917
4294967294,916
4294967294,914
4294967294,912
4294967294,910
4294967294,909
4294967294,908
4294967294,907
4294967294,906
4294967294,905
4294967294,902
4294967294,901
4294967294,899
4294967294,895
4294967294,894
4294967294,892
4294967294,891
4294967294,888
4294967294,887
4294967294,886
4294967294,885
4294967294,882
4294967294,881
4294967294,880
4294967294,879
4294967294,877
4294967294,876
4294967294,874
4294967294,873
4294967294,872
4294967294,871
4294967294,867
4294967294,866
4294967294,862
4294967294,860
4294967294,858
4294967294,857
4294967294,853
4294967294,851
4294967294,849
4294967294,848
4294967294,845
4294967294,844
4294967294,843
4294967294,841
4294967294,839
4294967294,835
4294967294,834
4294967294,833
4294967294,832
4294967294,830
4294967294,829
4294967294,828
4294967294,826
4294967294,825
4294967294,823
4294967294,822
4294967294,821
4294967294,820
4294967294,819
4294967294,815
4294967294,814
4294967294,813
4294967294,812
4294967294,811
4294967294,808
4294967294,806
4294967294,805
4294967294,804
4294967294,657
4294967294,801
4294967294,800
4294967294,798
4294967294,797
4294967294,795
4294967294,794
4294967294,790
4294967294,789
4294967294,788
4294967294,787
4294967294,786
4294967294,785
4294967294,783
4294967294,782
4294967294,779
4294967294,775
4294967294,774
4294967294,770
4294967294,768
4294967294,766
4294967294,765
4294967294,764
4294967294,760
4294967294,757
4294967294,756
4294967294,753
4294967294,752
4294967294,750
4294967294,749
4294967294,748
4294967294,746
4294967294,744
4294967294,743
4294967294,740
4294967294,738
4294967294,737
4294967294,733
4294967294,732
4294967294,730
4294967294,726
4294967294,723
4294967294,720
4294967294,719
4294967294,716
4294967294,713
4294967294,711
4294967294,709
4294967294,708
4294967294,706
4294967294,705
4294967294,641
4294967294,640
4294967294,639
4294967294,633
4294967294,632
4294967294,631
4294967294,630
4294967294,628
4294967294,675
4294967294,627
4294967294,626
4294967294,623
4294967294,622
4294967294,620
4294967294,618
4294967294,617
4294967294,616
4294967294,651
4294967294,653
4294967294,615
4294967294,672
4294967294,614
4294967294,634
4294967294,613
4294967294,612
4294967294,671
4294967294,611
4294967294,667
4294967294,650
4294967294,660
4294967294,645
4294967294,608
4294967294,659
4294967294,915
4294967294,668
4294967294,878
4294967294,647
4294967294,665
4294967294,875
4294967294,656
4294967294,792
4294967294,791
4294967294,402
4294967294,1300
4294967294,588
4294967294,431
4294967294,154
4294967294,687
4294967294,1568
4294967294,426
4294967294,435
4294967278,311
4294967278,344
4294967278,383
4294967279,569
4294967279,566
4294967279,565
4294967278,340
4294967278,379
4294967278,307
4294967279,568
4294967278,382
4294967279,567
4294967279,302
4294967278,381
4294967278,380
4294967279,564
